Line1:TerminalA(30,95);Stop5(284,95);Stop7(800,95);Stop9(1240,95);(1424,95);(1424,295);Stop58(1628,350);(1982,440);(2208,440);Stop31(2208,590);Stop33(2208,860);(2208,1020);Stop53(1960,1020);(1764,1020);Stop57(1892,1350);(1972,1560);TerminalC(1855,1560)
Line2:TerminalC(1855,1560);(1855,1522);(1920,1522);Stop56(1850,1342);(1708,978);Stop52(1934,978);(2170,978);Stop32(2170,860);Stop30(2170,590);(2170,474);(1968,474);Stop59(1646,390);(1386,324);(1386,132);Stop10(1250,132);Stop8(812,132);Stop6(311,132);(30,132);TerminalA(30,95)
Line3:TerminalA(30,95);(145,95);(145,288);Stop13(350,288);(660,288);Stop22(732,510);(1076,1522);Stop40(1250,1522);Stop42(1584,1522);(1855,1522);TerminalC(1855,1560)
Line4:TerminalC(1855,1560);Stop43(1584,1560);Stop41(1250,1560);(1048,1560);Stop23(692,517);(626,324);Stop14(355,324);(106,324);(106,132);(30,132);TerminalA(30,95)
Line5:TerminalA(30,95);Stop5(284,95);Stop7(800,95);(1096,95);(1096,362);(1145,485);Stop25(1145,607);(1145,1104);(1097,1236);(1097,1560);Stop39(815,1560);Stop37(340,1560);(20,1560);TerminalD(20,1522)
Line6:TerminalD(20,1522);Stop36(330,1522);Stop38(812,1522);(1056,1522);(1056,1232);(1010,1110);Stop24(1010,890);(1010,492);(1057,358);(1057,324);Stop15(880,324);Stop14(355,324);(106,324);(106,132);(30,132);TerminalA(30,95)
Line7:TerminalA(30,95);(145,95);Stop19(145,560);(145,777);Stop20(600,777);(822,777);(963,1192);Stop47(720,1192);(571,1192);(571,1560);Stop37(340,1560);(20,1560);TerminalD(20,1522)
Line8:TerminalD(20,1522);Stop36(330,1522);(530,1522);(530,1154);Stop46(718,1154);(908,1154);(792,816);Stop21(614,816);(106,816);Stop18(106,531);(106,132);(30,132);TerminalA(30,95)
Line9:TerminalB(2200,132);(2100,132);Stop17(2100,270);(2100,474);(1986,474);Stop61(1792,538);(1424,658);Stop29(1424,948);(1424,1560);Stop41(1250,1560);(1048,1560);(920,1192);Stop47(720,1192);Stop45(314,1192);(146,1192);Stop49(146,1346);(146,1560);(20,1560);TerminalD(20,1522)
Line10:TerminalD(20,1522);(106,1522);Stop48(106,1346);(106,1154);Stop44(315,1154);Stop46(718,1154);(952,1154);(1076,1522);Stop40(1250,1522);(1386,1522);Stop28(1386,922);(1386,626);Stop60(1689,526);(1966,438);(2060,438);Stop16(2060,258);(2060,95);(2200,95);TerminalB(2200,132)
Line11:TerminalB(2200,132);Stop12(1820,132);(1425,132);Stop27(1425,473);(1425,612);(1588,562);Stop55(1677,790);(1846,1222);Stop51(1570,1222);(1424,1222);(1424,1522);Stop42(1584,1522);(1855,1522);TerminalC(1855,1560)
Line12:TerminalC(1855,1560);Stop43(1584,1560);(1386,1560);(1386,1183);Stop50(1565,1183);(1788,1183);Stop54(1631,784);(1562,610);(1385,668);Stop26(1385,466);(1385,95);Stop11(1860,95);(2200,95);TerminalB(2200,132)
Line13:TerminalB(2200,132);(2100,132);Stop17(2100,270);(2100,436);(2208,436);Stop31(2208,590);Stop33(2208,860);Stop35(2208,1285);(2208,1560);TerminalC(1855,1560)
Line14:TerminalC(1855,1560);(1855,1522);(2170,1522);Stop34(2170,1280);Stop32(2170,860);Stop30(2170,590);(2170,474);(2060,474);Stop16(2060,258);(2060,95);(2200,95);TerminalB(2200,132)